1.75
1.5
1.75
1.5
2
2.25
1.5
1.5
1.75
1.75
1.25
1.75
5
1.25
2.25
1.5
2
2
1.5
2.5
1.75
2
2.25
1.25
1.25
2.25
1.5
2
2.25
1.5
1.5
2.5
1.75
2
2
1.75
2.5
1.5
1.75
2.5
1.75
2.25
5
2
1.5
1.5
2.5
2
2
1.75
2.25
1.75
2.25
2.5
3
2
2.25
2.75
1.5
2
2.25
1.25
1.75
1.75
1.25
2.5
5
2
2.75
2.25
1.5
2.25
2
1.75
2.5
2.75
2.75
2
2
2.75
2
1.75
1.5
1.75
1.75
1.75
1.75
1.75
2.5
1.75
1
2
2.25
1.75
2
1.5
1.5
5
1.75
2
2
2
1.5
2
2.75
5
2.75
1.5
1.75
2
2.5
1.75
1.75
2
2.25
2
1.75
2.75
1.75
2.5
1.75
2.25
1.75
2
2.75
1.5
1.25
2.5
1.25
1.75
1.75
2.25
1.75
1.75
2.75
1.75
1.75
2
2.25
2.75
2.75
2
2
1.75
1.75
1.75
2.75
2
2
5
2
2
2.75
2
2.25
2.25
2
2.25
1.75
2
1.75
2.25
1.75
2.25
2
2
1.75
2.25
2
1.75
1.75
2
DRP
1.5
1.75
3
1.75
2
1.75
1.75
2.25
2
